#include "dijkstra.cpp"

using namespace std;

int main(){
    vector<vector<int> > adjacencyMatrix
        = { { 0, 233, 2, 3, 0, 0, 144, 0, 0 },
            { 233, 0, 1597, 0, 377, 0, 0, 987, 0 },
            { 2, 1597, 0, 0, 0, 2584, 0, 0, 6765 },
            { 3, 0, 0, 0, 5, 13, 21, 0, 0 },
            { 0, 377, 0, 5, 0, 8, 0, 610, 0 },
            { 0, 0, 2584, 13, 8, 0, 0, 0, 4181 },
            { 144, 0, 0, 21, 0, 0, 0, 34, 89 },
            { 0, 987, 0, 0, 610, 0, 34, 0, 55 },
            { 0, 0, 6765, 0, 0, 4181, 89, 55, 0 } };
    dijkstra(adjacencyMatrix, 4);
    return 0;
}
